1
41
55
64
90
134
141
161
187
832
870
876
899
919
940
993
1014
1025
1180
1274
1302
1307
1346
1373
1386
1411
1463
1481
1508
2264
2336
2796
2819
2827
2838
2856
2932
3409
3457
3577
3600
3619
3641
3695
3698
4060
4070
4082
4095
4211
4219
4224
4341
4351
4364
4372
4433
4450
4468
4548
5129
5175
5196
5936
5942
6024
6040
6053
6074
6113
6118
6385
6409
6441
7457
7523
7546
7604
7628
7637
7644
7696
7701
7733
8812
9259
9271
9276
9280
9288
9306
9308
9389
9605
9610
9949
9959
10009
10016
10025
10033
10124
10131
10359
10366
10415
10432
10479
10716
10723
10740
11067
11193
11199
11381
11468
11514
11892
12025
12448
12599
12626
12683
12734
12802
12813
12819
12852
12928
12938
13284
13291
13300
13309
13325
13340
13344
13423
13427
13433
14414
14444
14913
14925
14948
15231
15244
15315
15361
15928
15943
15958
15993
16030
16229
16241
16308
16556
16587
16796
16817
16823
17043
17226
17351
17357
17362
18296
18305
18409
18461
18615
18618
18665
18770
18783
18787
18794
18892
18919
18926
18932
18946
19113
19168
19351
19354
19373
19625
19673
19680
19750
19763
19773
19803
20198
20598
20608
20646
20668
20676
20686
20690
20730
20734
20751
20756
20769
20796
20811
20817
20819
20878
20893
20897


